0 1 0.35664062500000004 0.953125 0.33320312500000004 0.8999999999999999 0.33906250000000004 0.8796876899038462 0.391015625 0.8328126899038462 0.7394532211538463 0.8843749999999999 0.759765625 0.9609375 0.741015625 1 0.522265625 1 0.35664062500000004
0 0.7884615384615384 0.6298076923076923 0.16105769230769232 0.43990384615384615
0 0.6754807692307693 0.5576923076923077 0.13701923076923078 0.41346153846153844
0 0.6322115384615384 0.3245192307692308 0.11538461538461539 0.08173076923076923
0 0.5504807692307693 0.5120192307692307 0.13942307692307693 0.38221153846153844
0 0.5024038461538461 0.6225961538461539 0.13701923076923078 0.3870192307692308
0 0.4519230769230769 0.4855769230769231 0.11538461538461539 0.37740384615384615
0 0.35336538461538464 0.6105769230769231 0.15384615384615385 0.39663461538461536
0 0.23798076923076922 0.5769230769230769 0.15865384615384615 0.38221153846153844
0 0.31490384615384615 0.37259615384615385 0.13942307692307693 0.16346153846153846
0 0.10096153846153846 0.5625 0.19951923076923078 0.4254807692307692