0 0.8413461538461539 0.2860576923076923 0.2980769230769231 0.33413461538461536
0 0.6009615384615384 0.30528846153846156 0.25721153846153844 0.31971153846153844
0 0.3557692307692308 0.2692307692307692 0.23798076923076922 0.34615384615384615
0 0.7836538461538461 0.5649038461538461 0.2548076923076923 0.3076923076923077
0 0.5600961538461539 0.5793269230769231 0.21634615384615385 0.2620192307692308
0 0.35096153846153844 0.5697115384615384 0.23557692307692307 0.28365384615384615
0 0.13701923076923078 0.5841346153846154 0.2091346153846154 0.2620192307692308
0 0.7067307692307693 0.8004807692307693 0.2091346153846154 0.21394230769230768
0 0.5288461538461539 0.8004807692307693 0.19951923076923078 0.22355769230769232
0 0.34615384615384615 0.7956730769230769 0.20432692307692307 0.2403846153846154
0 0.14903846153846154 0.8004807692307693 0.18509615384615385 0.2283653846153846
0 0.12740384615384615 0.3245192307692308 0.23317307692307693 0.31971153846153844