0 0.8341346153846154 0.31009615384615385 0.27163461538461536 0.3125
0 0.13942307692307693 0.3173076923076923 0.2764423076923077 0.3245192307692308
0 0.23798076923076922 0.15865384615384615 0.14182692307692307 0.05048076923076923
0 0.3798076923076923 0.13942307692307693 0.13942307692307693 0.055288461538461536
0 0.3701923076923077 0.3245192307692308 0.25240384615384615 0.3125
0 0.6129807692307693 0.2692307692307692 0.25961538461538464 0.34134615384615385
0 0.1658653846153846 0.5913461538461539 0.25 0.3004807692307692
0 0.3798076923076923 0.5841346153846154 0.21875 0.28125
0 0.5985576923076923 0.5793269230769231 0.23076923076923078 0.27884615384615385
0 0.8100961538461539 0.5745192307692307 0.23076923076923078 0.27403846153846156
0 0.20432692307692307 0.8293269230769231 0.20673076923076922 0.2091346153846154
0 0.3894230769230769 0.8173076923076923 0.19471153846153846 0.23076923076923078
0 0.5841346153846154 0.8149038461538461 0.19951923076923078 0.23557692307692307
0 0.7716346153846154 0.8028846153846154 0.19951923076923078 0.22355769230769232