0 0.2708333333333333 0.4521484375 0.25 0.2138671875 0.23697916666666666 0.1884765625 0.21484375 0.1796875 0.055989583333333336 0.177734375 0.046875 0.1865234375 0.0390625 0.2119140625 0.03125 0.2197265625 0.028645833333333332 0.2412109375 0.0625 0.4541015625 0.07942708333333333 0.470703125 0.09244791666666667 0.474609375 0.12369791666666667 0.478515625 0.18229166666666666 0.4775390625 0.21484375 0.4765625 0.24088541666666666 0.470703125 0.2591145833333333 0.462890625 0.2708333333333333 0.4521484375
0 0.484375 0.1689453125 0.4635416666666667 0.1435546875 0.4609375 0.1318359375 0.4440104166666667 0.123046875 0.3736979166666667 0.1171875 0.2825520833333333 0.119140625 0.2734375 0.1240234375 0.2708333333333333 0.1357421875 0.2526041666666667 0.1630859375 0.2734375 0.4345703125 0.28515625 0.4453125 0.3111979166666667 0.453125 0.40625 0.4541015625 0.4674479166666667 0.4453125 0.4817708333333333 0.4365234375 0.484375 0.4306640625 0.484375 0.1689453125
0 0.9401041666666666 0.4150390625 0.9557291666666666 0.3427734375 0.9869791666666666 0.2197265625 0.9869791666666666 0.2041015625 0.9752604166666666 0.173828125 0.8841145833333334 0.169921875 0.7721354166666666 0.171875 0.7473958333333334 0.2041015625 0.71875 0.4130859375 0.71875 0.4501953125 0.73046875 0.458984375 0.7643229166666666 0.46875 0.81640625 0.4765625 0.8489583333333334 0.4775390625 0.91015625 0.47265625 0.9322916666666666 0.4599609375 0.9375 0.4482421875 0.9401041666666666 0.4150390625
0 0.7395833333333334 0.2197265625 0.7291666666666666 0.1943359375 0.7200520833333334 0.1875 0.6783854166666666 0.18359375 0.5377604166666666 0.181640625 0.5234375 0.1962890625 0.5104166666666666 0.2275390625 0.5052083333333334 0.4599609375 0.5169270833333334 0.470703125 0.55078125 0.48046875 0.6002604166666666 0.486328125 0.6380208333333334 0.4853515625 0.6888020833333334 0.48046875 0.7083333333333334 0.4697265625 0.7135416666666666 0.4599609375 0.7395833333333334 0.2197265625
0 0.28125 0.5732421875 0.2734375 0.4873046875 0.2682291666666667 0.4736328125 0.26171875 0.46875 0.2513020833333333 0.46875 0.21223958333333334 0.478515625 0.14453125 0.482421875 0.11588541666666667 0.48046875 0.07942708333333333 0.47265625 0.06770833333333333 0.4931640625 0.06770833333333333 0.5029296875 0.09375 0.6552734375 0.10416666666666667 0.6923828125 0.11848958333333333 0.708984375 0.13932291666666666 0.716796875 0.16276041666666666 0.720703125 0.19791666666666666 0.7197265625 0.24088541666666666 0.712890625 0.2721354166666667 0.697265625 0.2786458333333333 0.6904296875 0.28125 0.5732421875
0 0.4817708333333333 0.4638671875 0.4765625 0.4541015625 0.46484375 0.44921875 0.41015625 0.458984375 0.33203125 0.458984375 0.2877604166666667 0.453125 0.2760416666666667 0.4697265625 0.2760416666666667 0.5029296875 0.2890625 0.6572265625 0.2942708333333333 0.6669921875 0.296875 0.6943359375 0.3111979166666667 0.70703125 0.3424479166666667 0.71875 0.4088541666666667 0.7197265625 0.4518229166666667 0.708984375 0.4739583333333333 0.6923828125 0.4817708333333333 0.6787109375 0.4817708333333333 0.4638671875
0 0.6927083333333334 0.6240234375 0.6927083333333334 0.5615234375 0.6979166666666666 0.5537109375 0.6927083333333334 0.4990234375 0.68359375 0.482421875 0.6549479166666666 0.486328125 0.5872395833333334 0.486328125 0.5247395833333334 0.4765625 0.5130208333333334 0.4990234375 0.5078125 0.5361328125 0.5078125 0.6279296875 0.5026041666666666 0.6630859375 0.5052083333333334 0.7060546875 0.5169270833333334 0.716796875 0.5533854166666666 0.732421875 0.5794270833333334 0.736328125 0.6171875 0.7353515625 0.6393229166666666 0.732421875 0.66796875 0.72265625 0.6848958333333334 0.7041015625 0.6927083333333334 0.6240234375
0 0.8854166666666666 0.6669921875 0.8932291666666666 0.6572265625 0.8984375 0.6162109375 0.9166666666666666 0.5419921875 0.9166666666666666 0.5244140625 0.921875 0.5126953125 0.9192708333333334 0.4892578125 0.9127604166666666 0.474609375 0.8736979166666666 0.48046875 0.8294270833333334 0.48046875 0.7799479166666666 0.474609375 0.73046875 0.462890625 0.7161458333333334 0.4892578125 0.7109375 0.5849609375 0.7005208333333334 0.6123046875 0.6927083333333334 0.7041015625 0.7096354166666666 0.71875 0.7408854166666666 0.73046875 0.77734375 0.73828125 0.8203125 0.7392578125 0.85546875 0.732421875 0.8776041666666666 0.7158203125 0.8854166666666666 0.6943359375 0.8854166666666666 0.6669921875
0 0.2890625 0.7158203125 0.27734375 0.69921875 0.23828125 0.71484375 0.21223958333333334 0.720703125 0.16536458333333334 0.72265625 0.11328125 0.7109375 0.10677083333333333 0.7216796875 0.10677083333333333 0.7412109375 0.11197916666666667 0.7490234375 0.11979166666666667 0.7919921875 0.125 0.8818359375 0.13671875 0.89453125 0.14192708333333334 0.89453125 0.16796875 0.912109375 0.18880208333333334 0.916015625 0.21875 0.9150390625 0.24869791666666666 0.908203125 0.2942708333333333 0.8701171875 0.2942708333333333 0.7509765625 0.2890625 0.7158203125
0 0.4817708333333333 0.8564453125 0.4817708333333333 0.7119140625 0.4765625 0.7021484375 0.4700520833333333 0.69921875 0.4544270833333333 0.708984375 0.42578125 0.71875 0.3997395833333333 0.72265625 0.3580729166666667 0.72265625 0.3294270833333333 0.716796875 0.3059895833333333 0.70703125 0.296875 0.7119140625 0.2942708333333333 0.7412109375 0.3020833333333333 0.7841796875 0.3046875 0.8681640625 0.3125 0.9052734375 0.33203125 0.921875 0.3580729166666667 0.931640625 0.3763020833333333 0.935546875 0.4166666666666667 0.9345703125 0.45703125 0.91796875 0.4739583333333333 0.9033203125 0.4765625 0.8955078125 0.4817708333333333 0.8564453125
0 0.6770833333333334 0.7490234375 0.6744791666666666 0.7314453125 0.66796875 0.724609375 0.6627604166666666 0.724609375 0.6236979166666666 0.736328125 0.5768229166666666 0.736328125 0.5455729166666666 0.73046875 0.50390625 0.712890625 0.4921875 0.7314453125 0.4869791666666667 0.8916015625 0.4973958333333333 0.9072265625 0.53515625 0.927734375 0.5638020833333334 0.93359375 0.5989583333333334 0.9326171875 0.6158854166666666 0.9296875 0.63671875 0.919921875 0.6536458333333334 0.9033203125 0.6770833333333334 0.7490234375
0 0.8645833333333334 0.7431640625 0.8580729166666666 0.734375 0.82421875 0.740234375 0.7721354166666666 0.73828125 0.6940104166666666 0.716796875 0.6848958333333334 0.7255859375 0.6796875 0.7412109375 0.6640625 0.8818359375 0.6770833333333334 0.9072265625 0.69921875 0.923828125 0.7330729166666666 0.9375 0.7760416666666666 0.9404296875 0.80859375 0.93359375 0.8307291666666666 0.9169921875 0.8619791666666666 0.7880859375 0.8645833333333334 0.7431640625