0 0.7668269230769231 0.6418269230769231 0.1466346153846154 0.12980769230769232
0 0.6322115384615384 0.6009615384615384 0.09615384615384616 0.21634615384615385
0 0.4567307692307692 0.59375 0.24278846153846154 0.3173076923076923
0 0.23798076923076922 0.5384615384615384 0.25240384615384615 0.25240384615384615
0 0.0625 0.4519230769230769 0.125 0.25240384615384615
0 0.09615384615384616 0.19951923076923078 0.18990384615384615 0.29086538461538464
0 0.5865384615384616 0.4206730769230769 0.11778846153846154 0.18509615384615385
0 0.5096153846153846 0.375 0.12740384615384615 0.1658653846153846
0 0.3317307692307692 0.34375 0.10576923076923077 0.2091346153846154
0 0.22115384615384615 0.30288461538461536 0.18990384615384615 0.2620192307692308
0 0.28125 0.14182692307692307 0.15625 0.20432692307692307
0 0.42788461538461536 0.24278846153846154 0.14182692307692307 0.18028846153846154
0 0.5528846153846154 0.25240384615384615 0.125 0.13701923076923078