0 0.6466346153846154 0.0673076923076923 0.20432692307692307 0.1346153846153846
0 0.7668269230769231 0.44711538461538464 0.1466346153846154 0.28365384615384615
0 0.6322115384615384 0.40625 0.09615384615384616 0.21394230769230768
0 0.4567307692307692 0.4110576923076923 0.24278846153846154 0.31490384615384615
0 0.23798076923076922 0.46634615384615385 0.25240384615384615 0.25
0 0.0625 0.5480769230769231 0.125 0.25
0 0.09615384615384616 0.8004807692307693 0.18990384615384615 0.28846153846153844
0 0.7259615384615384 0.4951923076923077 0.15625 0.1201923076923077
0 0.5865384615384616 0.5865384615384616 0.11778846153846154 0.18269230769230768
0 0.5096153846153846 0.6322115384615384 0.12740384615384615 0.16346153846153846
0 0.3317307692307692 0.6610576923076923 0.10576923076923077 0.20673076923076922
0 0.22115384615384615 0.6995192307692307 0.18990384615384615 0.25961538461538464
0 0.28125 0.8605769230769231 0.15625 0.20432692307692307
0 0.42788461538461536 0.7620192307692307 0.14182692307692307 0.1778846153846154
0 0.5528846153846154 0.7548076923076923 0.125 0.13701923076923078
0 0.6995192307692307 0.7692307692307693 0.3173076923076923 0.30288461538461536
0 0.7692307692307693 0.8100961538461539 0.3076923076923077 0.2956730769230769