0 0.13942307692307693 0.7884615384615384 0.16346153846153846 0.28125
0 0.4495192307692308 0.8461538461538461 0.14423076923076922 0.2764423076923077
0 0.31009615384615385 0.7716346153846154 0.2283653846153846 0.3389423076923077
0 0.8269230769230769 0.6394230769230769 0.19471153846153846 0.31971153846153844
0 0.7163461538461539 0.7548076923076923 0.2091346153846154 0.3317307692307692
0 0.5697115384615384 0.8221153846153846 0.2091346153846154 0.3076923076923077
0 0.9254807692307693 0.3918269230769231 0.13701923076923078 0.44471153846153844
0 0.8125 0.3389423076923077 0.1466346153846154 0.2980769230769231
0 0.6899038461538461 0.35096153846153844 0.17067307692307693 0.4182692307692308
0 0.4951923076923077 0.23076923076923078 0.23076923076923078 0.17548076923076922
0 0.3076923076923077 0.20673076923076922 0.1658653846153846 0.2283653846153846
0 0.09375 0.25961538461538464 0.18509615384615385 0.23076923076923078
0 0.057692307692307696 0.5168269230769231 0.11298076923076923 0.33413461538461536
0 0.5576923076923077 0.5793269230769231 0.19951923076923078 0.18990384615384615
0 0.5264423076923077 0.3894230769230769 0.16826923076923078 0.20192307692307693
0 0.41346153846153844 0.49278846153846156 0.1778846153846154 0.31009615384615385
0 0.29086538461538464 0.46634615384615385 0.19471153846153846 0.30288461538461536
0 0.1658653846153846 0.5072115384615384 0.18509615384615385 0.3076923076923077