0 0.17067307692307693 0.21394230769230768 0.15384615384615385 0.27884615384615385
0 0.4831730769230769 0.1658653846153846 0.13221153846153846 0.27163461538461536
0 0.34134615384615385 0.23557692307692307 0.21394230769230768 0.33413461538461536
0 0.8509615384615384 0.38221153846153844 0.18269230769230768 0.31490384615384615
0 0.7451923076923077 0.2620192307692308 0.19471153846153846 0.3269230769230769
0 0.6009615384615384 0.19230769230769232 0.19471153846153846 0.30288461538461536
0 0.9399038461538461 0.6298076923076923 0.1201923076923077 0.43990384615384615
0 0.8269230769230769 0.6802884615384616 0.13221153846153846 0.2956730769230769
0 0.7043269230769231 0.6658653846153846 0.15384615384615385 0.41586538461538464
0 0.5048076923076923 0.78125 0.22355769230769232 0.17067307692307693
0 0.31490384615384615 0.8004807692307693 0.15625 0.22596153846153846
0 0.09615384615384616 0.7427884615384616 0.18990384615384615 0.22596153846153846
0 0.06490384615384616 0.4831730769230769 0.12740384615384615 0.3317307692307692
0 0.5793269230769231 0.4326923076923077 0.18990384615384615 0.18509615384615385
0 0.5432692307692307 0.6225961538461539 0.15865384615384615 0.19951923076923078
0 0.4326923076923077 0.5168269230769231 0.16346153846153846 0.3076923076923077
0 0.3076923076923077 0.5408653846153846 0.18269230769230768 0.2980769230769231
0 0.18509615384615385 0.49759615384615385 0.17307692307692307 0.30288461538461536