0 0.8365384615384616 0.21394230769230768 0.16346153846153846 0.27884615384615385
0 0.5216346153846154 0.1658653846153846 0.14182692307692307 0.27163461538461536
0 0.6658653846153846 0.23557692307692307 0.22596153846153846 0.33413461538461536
0 0.16346153846153846 0.38221153846153844 0.19230769230769232 0.31490384615384615
0 0.2644230769230769 0.2620192307692308 0.20432692307692307 0.3269230769230769
0 0.40625 0.19230769230769232 0.20673076923076922 0.30288461538461536
0 0.08173076923076923 0.6298076923076923 0.1346153846153846 0.43990384615384615
0 0.1971153846153846 0.6802884615384616 0.14423076923076922 0.2956730769230769
0 0.31971153846153844 0.6658653846153846 0.16826923076923078 0.41586538461538464
0 0.5216346153846154 0.78125 0.23076923076923078 0.17067307692307693
0 0.7139423076923077 0.8004807692307693 0.16346153846153846 0.22596153846153846
0 0.9158653846153846 0.7427884615384616 0.16826923076923078 0.22596153846153846
0 0.9423076923076923 0.4831730769230769 0.11538461538461539 0.3317307692307692
0 0.43509615384615385 0.4326923076923077 0.1971153846153846 0.18509615384615385
0 0.47836538461538464 0.6225961538461539 0.1658653846153846 0.19951923076923078
0 0.5841346153846154 0.5168269230769231 0.17548076923076922 0.3076923076923077
0 0.7091346153846154 0.5408653846153846 0.19230769230769232 0.2980769230769231
0 0.8317307692307693 0.49759615384615385 0.18269230769230768 0.30288461538461536