6 0.2403846153846154 0.3076923076923077 0.055288461538461536 0.15384615384615385
6 0.375 0.4358974358974359 0.0985576923076923 0.43162393162393164
6 0.15865384615384615 0.45726495726495725 0.0985576923076923 0.452991452991453
0 0.5360576923076923 0.48717948717948717 0.06490384615384616 0.20512820512820512
0 0.47115384615384615 0.49145299145299143 0.06490384615384616 0.19658119658119658
6 0.3076923076923077 0.49572649572649574 0.12740384615384615 0.4700854700854701
6 0.21634615384615385 0.5170940170940171 0.15144230769230768 0.4658119658119658
0 0.7644230769230769 0.5598290598290598 0.09375 0.14102564102564102
0 0.8653846153846154 0.6025641025641025 0.10576923076923077 0.1452991452991453
0 0.7932692307692307 0.7307692307692307 0.11538461538461539 0.2863247863247863
0 0.8918269230769231 0.8034188034188035 0.16105769230769232 0.32051282051282054