0 0.4182692307692308 0.2692307692307692 0.16346153846153846 0.20673076923076922
0 0.28125 0.2668269230769231 0.16105769230769232 0.21634615384615385
0 0.1658653846153846 0.28125 0.18509615384615385 0.22596153846153846
0 0.49759615384615385 0.45913461538461536 0.15625 0.2091346153846154
0 0.3485576923076923 0.46153846153846156 0.15384615384615385 0.20432692307692307
0 0.25 0.4807692307692308 0.10096153846153846 0.21634615384615385
0 0.13942307692307693 0.5072115384615384 0.18990384615384615 0.24519230769230768
0 0.8461538461538461 0.7403846153846154 0.18269230769230768 0.25240384615384615
0 0.6826923076923077 0.71875 0.16346153846153846 0.24519230769230768
0 0.5144230769230769 0.7163461538461539 0.16826923076923078 0.24519230769230768
0 0.13701923076923078 0.7355769230769231 0.1875 0.23798076923076922
0 0.5673076923076923 0.5841346153846154 0.14182692307692307 0.07451923076923077
0 0.4254807692307692 0.6490384615384616 0.14423076923076922 0.20192307692307693
0 0.31009615384615385 0.6610576923076923 0.10096153846153846 0.19471153846153846
0 0.2403846153846154 0.6802884615384616 0.08413461538461539 0.20673076923076922