0 0.28125 0.17307692307692307 0.17548076923076922 0.31490384615384615
0 0.5216346153846154 0.1778846153846154 0.1778846153846154 0.31971153846153844
0 0.7644230769230769 0.18269230769230768 0.1778846153846154 0.31490384615384615
0 0.20432692307692307 0.4735576923076923 0.16826923076923078 0.3173076923076923
0 0.36778846153846156 0.47115384615384615 0.16826923076923078 0.3125
0 0.5264423076923077 0.47836538461538464 0.17307692307692307 0.31009615384615385
0 0.6875 0.4855769230769231 0.16346153846153846 0.31009615384615385
0 0.8509615384615384 0.49038461538461536 0.17307692307692307 0.31490384615384615
0 0.13942307692307693 0.7740384615384616 0.18028846153846154 0.31490384615384615
0 0.2980769230769231 0.7764423076923077 0.16346153846153846 0.3076923076923077
0 0.4567307692307692 0.7860576923076923 0.16826923076923078 0.31971153846153844
0 0.6105769230769231 0.7908653846153846 0.16346153846153846 0.3269230769230769
0 0.7644230769230769 0.8028846153846154 0.16346153846153846 0.3245192307692308
0 0.9206730769230769 0.8052884615384616 0.15865384615384615 0.3293269230769231