0 0.7235576923076923 0.16346153846153846 0.1658653846153846 0.31009615384615385
0 0.4831730769230769 0.16105769230769232 0.16826923076923078 0.31490384615384615
0 0.2403846153846154 0.15625 0.16826923076923078 0.31009615384615385
0 0.8100961538461539 0.46634615384615385 0.15865384615384615 0.3125
0 0.6466346153846154 0.45913461538461536 0.15865384615384615 0.30528846153846156
0 0.4879807692307692 0.45913461538461536 0.16346153846153846 0.30288461538461536
0 0.3245192307692308 0.46153846153846156 0.15384615384615385 0.30528846153846156
0 0.16346153846153846 0.46153846153846156 0.16346153846153846 0.3076923076923077
0 0.8822115384615384 0.7716346153846154 0.17067307692307693 0.31009615384615385
0 0.7235576923076923 0.7668269230769231 0.15625 0.30288461538461536
0 0.5649038461538461 0.7716346153846154 0.16105769230769232 0.31490384615384615
0 0.41346153846153844 0.7716346153846154 0.15384615384615385 0.31971153846153844
0 0.25961538461538464 0.7788461538461539 0.15625 0.31971153846153844
0 0.09615384615384616 0.7740384615384616 0.16105769230769232 0.3245192307692308