0 0.35336538461538464 0.43509615384615385 0.2932692307692308 0.5841346153846154
0 0.5504807692307693 0.5072115384615384 0.21394230769230768 0.47596153846153844
0 0.7403846153846154 0.53125 0.2091346153846154 0.4543269230769231
0 0.8701923076923077 0.5673076923076923 0.19951923076923078 0.4230769230769231
0 0.21394230769230768 0.5048076923076923 0.24519230769230768 0.5
0 0.11057692307692307 0.5625 0.20432692307692307 0.41346153846153844
0 0.28125 0.7596153846153846 0.15144230769230768 0.057692307692307696
0 0.3894230769230769 0.7403846153846154 0.17307692307692307 0.07932692307692307
0 0.5889423076923077 0.7572115384615384 0.15865384615384615 0.04326923076923077
0 0.47596153846153844 0.7764423076923077 0.12740384615384615 0.04326923076923077
0 0.7163461538461539 0.7692307692307693 0.15625 0.052884615384615384