1 0.11057692307692307 0.7584134615384616 0.12620192307692307 0.4026442307692308
1 0.2668269230769231 0.7716346153846154 0.1466346153846154 0.4170673076923077
1 0.4230769230769231 0.7716346153846154 0.15384615384615385 0.36899038461538464
1 0.5889423076923077 0.8028846153846154 0.14543269230769232 0.35216346153846156
1 0.7379807692307693 0.8064903846153846 0.1346153846153846 0.28966346153846156
1 0.8954326923076923 0.8100961538461539 0.15504807692307693 0.22355769230769232
1 0.8858173076923077 0.3233173076923077 0.1502403846153846 0.42427884615384615
1 0.7391826923076923 0.3076923076923077 0.12620192307692307 0.4795673076923077
1 0.5757211538461539 0.2932692307692308 0.15745192307692307 0.5024038461538461
1 0.4182692307692308 0.2764423076923077 0.12379807692307693 0.5420673076923077
1 0.26802884615384615 0.27403846153846156 0.13822115384615385 0.5216346153846154
1 0.11778846153846154 0.28365384615384615 0.12379807692307693 0.5540865384615384