6 0.5697115384615384 0.2932692307692308 0.12740384615384615 0.49759615384615385
6 0.7355769230769231 0.30528846153846156 0.1201923076923077 0.4543269230769231
6 0.8894230769230769 0.31490384615384615 0.12740384615384615 0.4326923076923077
6 0.7427884615384616 0.7932692307692307 0.12740384615384615 0.22596153846153846
6 0.25961538461538464 0.27884615384615385 0.10576923076923077 0.5240384615384616
6 0.5841346153846154 0.7956730769230769 0.14423076923076922 0.28846153846153844
6 0.2644230769230769 0.7716346153846154 0.11778846153846154 0.39903846153846156
6 0.41346153846153844 0.2860576923076923 0.11057692307692307 0.5120192307692307
6 0.10817307692307693 0.7620192307692307 0.09134615384615384 0.36778846153846156
6 0.4230769230769231 0.7692307692307693 0.13221153846153846 0.3557692307692308
6 0.8966346153846154 0.7956730769230769 0.14903846153846154 0.21394230769230768
6 0.5120192307692307 0.49038461538461536 0.9182692307692307 0.9639423076923077
6 0.11538461538461539 0.2764423076923077 0.10336538461538461 0.53125