1 0.11778846153846154 0.2776442307692308 0.12379807692307693 0.5336538461538461
1 0.25961538461538464 0.27884615384615385 0.11538461538461539 0.5408653846153846
1 0.41466346153846156 0.2920673076923077 0.12620192307692307 0.5348557692307693
1 0.5733173076923077 0.2956730769230769 0.1346153846153846 0.5180288461538461
1 0.7367788461538461 0.3112980769230769 0.13581730769230768 0.4951923076923077
1 0.8858173076923077 0.33052884615384615 0.13942307692307693 0.4675480769230769
1 0.890625 0.7896634615384616 0.1466346153846154 0.25841346153846156
1 0.7307692307692307 0.7884615384615384 0.140625 0.265625
1 0.5877403846153846 0.7884615384615384 0.1502403846153846 0.33413461538461536
1 0.4206730769230769 0.7740384615384616 0.14423076923076922 0.3581730769230769
1 0.2668269230769231 0.7776442307692307 0.1466346153846154 0.4230769230769231
1 0.10697115384615384 0.7596153846153846 0.11057692307692307 0.3737980769230769