1 0.10216346153846154 0.5048076923076923 0.20432692307692307 0.49278846153846156
1 0.36899038461538464 0.5024038461538461 0.20432692307692307 0.5036057692307693
1 0.5600961538461539 0.4963942307692308 0.1875 0.5084134615384616
1 0.8100961538461539 0.5012019230769231 0.359375 0.45913461538461536
1 0.09375 0.2692307692307692 0.15504807692307693 0.1310096153846154
1 0.2512019230769231 0.2848557692307692 0.14543269230769232 0.14543269230769232
1 0.3954326923076923 0.27524038461538464 0.1502403846153846 0.13341346153846154
1 0.5408653846153846 0.27403846153846156 0.14903846153846154 0.12860576923076922
1 0.6935096153846154 0.2764423076923077 0.15985576923076922 0.14543269230769232
1 0.8653846153846154 0.2692307692307692 0.16466346153846154 0.12620192307692307
1 0.24158653846153846 0.4326923076923077 0.11057692307692307 0.140625
1 0.7043269230769231 0.42908653846153844 0.15144230769230768 0.15504807692307693
1 0.8978365384615384 0.6021634615384616 0.13822115384615385 0.140625
1 0.8737980769230769 0.7548076923076923 0.1814903846153846 0.15985576923076922
1 0.7043269230769231 0.7680288461538461 0.15745192307692307 0.14543269230769232
1 0.5516826923076923 0.765625 0.1502403846153846 0.11538461538461539
1 0.39783653846153844 0.7608173076923077 0.15865384615384615 0.12980769230769232
1 0.23557692307692307 0.7451923076923077 0.15264423076923078 0.15985576923076922
1 0.08173076923076923 0.7451923076923077 0.16346153846153846 0.15865384615384615
1 0.2608173076923077 0.5805288461538461 0.09975961538461539 0.1502403846153846