1 0.1045673076923077 0.26322115384615385 0.1935096153846154 0.4987980769230769
1 0.24519230769230768 0.2620192307692308 0.1622596153846154 0.47115384615384615
1 0.3713942307692308 0.2512019230769231 0.19831730769230768 0.4182692307692308
1 0.5060096153846154 0.2704326923076923 0.19110576923076922 0.4266826923076923
1 0.6634615384615384 0.2692307692307692 0.2091346153846154 0.42908653846153844
1 0.7920673076923077 0.28365384615384615 0.19831730769230768 0.4362980769230769
1 0.9230769230769231 0.25961538461538464 0.15264423076923078 0.4362980769230769
1 0.11057692307692307 0.7283653846153846 0.20673076923076922 0.4579326923076923
1 0.3125 0.7175480769230769 0.15384615384615385 0.44711538461538464
1 0.4375 0.703125 0.14903846153846154 0.4026442307692308
1 0.5528846153846154 0.671875 0.18028846153846154 0.3137019230769231
1 0.7043269230769231 0.6971153846153846 0.12860576923076922 0.40024038461538464
1 0.8485576923076923 0.6983173076923077 0.16466346153846154 0.3762019230769231