1 0.15625 0.43028846153846156 0.11298076923076923 0.3713942307692308
1 0.2620192307692308 0.43028846153846156 0.11538461538461539 0.38461538461538464
1 0.3701923076923077 0.39663461538461536 0.10697115384615384 0.3161057692307692
1 0.47115384615384615 0.3918269230769231 0.0889423076923077 0.2980769230769231
1 0.5540865384615384 0.39903846153846156 0.1045673076923077 0.32211538461538464
1 0.6610576923076923 0.38341346153846156 0.11538461538461539 0.28966346153846156
1 0.34134615384615385 0.5733173076923077 0.12259615384615384 0.36899038461538464
1 0.453125 0.5841346153846154 0.11778846153846154 0.3629807692307692
1 0.5637019230769231 0.5805288461538461 0.11298076923076923 0.34975961538461536
1 0.6694711538461539 0.5805288461538461 0.09375 0.3449519230769231
1 0.7560096153846154 0.5769230769230769 0.1045673076923077 0.3629807692307692
1 0.8629807692307693 0.5841346153846154 0.1045673076923077 0.3581730769230769