1 0.11778846153846154 0.2776442307692308 0.12379807692307693 0.53125
1 0.25961538461538464 0.27884615384615385 0.11538461538461539 0.5408653846153846
1 0.41346153846153844 0.2920673076923077 0.12860576923076922 0.5348557692307693
1 0.5733173076923077 0.2956730769230769 0.1346153846153846 0.5192307692307693
1 0.7355769230769231 0.3112980769230769 0.13701923076923078 0.4951923076923077
1 0.8858173076923077 0.3317307692307692 0.140625 0.46875
1 0.890625 0.7896634615384616 0.1466346153846154 0.25721153846153844
1 0.7307692307692307 0.7884615384615384 0.140625 0.265625
1 0.5877403846153846 0.7884615384615384 0.1502403846153846 0.33413461538461536
1 0.4206730769230769 0.7740384615384616 0.14543269230769232 0.3581730769230769
1 0.2668269230769231 0.7776442307692307 0.1466346153846154 0.421875
1 0.10817307692307693 0.7596153846153846 0.109375 0.375