1 0.3870192307692308 0.4807692307692308 0.2247596153846154 0.6430288461538461
1 0.6394230769230769 0.4543269230769231 0.23798076923076922 0.6225961538461539
1 0.8449519230769231 0.48197115384615385 0.31009615384615385 0.6766826923076923
1 0.15144230769230768 0.8569711538461539 0.25600961538461536 0.24519230769230768
1 0.3858173076923077 0.8689903846153846 0.20673076923076922 0.18389423076923078
1 0.5841346153846154 0.8557692307692307 0.19110576923076922 0.23317307692307693
1 0.8028846153846154 0.8701923076923077 0.2091346153846154 0.21995192307692307
1 0.09254807692307693 0.4879807692307692 0.18509615384615385 0.609375
1 0.21394230769230768 0.6346153846153846 0.15985576923076922 0.20192307692307693
1 0.19591346153846154 0.44471153846153844 0.15384615384615385 0.1814903846153846
1 0.1971153846153846 0.2692307692307692 0.16947115384615385 0.1814903846153846
1 0.7668269230769231 0.2704326923076923 0.19591346153846154 0.18509615384615385
1 0.7716346153846154 0.47836538461538464 0.19831730769230768 0.2776442307692308
1 0.9543269230769231 0.6742788461538461 0.09134615384615384 0.18509615384615385
1 0.9447115384615384 0.8689903846153846 0.11057692307692307 0.2127403846153846
1 0.026442307692307692 0.8689903846153846 0.052884615384615384 0.16466346153846154