1 0.06971153846153846 0.796875 0.10697115384615384 0.33413461538461536
1 0.15264423076923078 0.7884615384615384 0.11298076923076923 0.32211538461538464
1 0.22235576923076922 0.78125 0.109375 0.3293269230769231
1 0.2860576923076923 0.7632211538461539 0.10216346153846154 0.3137019230769231
1 0.36177884615384615 0.7620192307692307 0.09615384615384616 0.2800480769230769
1 0.44350961538461536 0.7548076923076923 0.10697115384615384 0.28966346153846156
1 0.5060096153846154 0.7596153846153846 0.09615384615384616 0.2848557692307692
1 0.5721153846153846 0.7584134615384616 0.125 0.2824519230769231
1 0.640625 0.7608173076923077 0.1045673076923077 0.2932692307692308
1 0.7199519230769231 0.7740384615384616 0.11298076923076923 0.3245192307692308
1 0.7776442307692307 0.7764423076923077 0.09615384615384616 0.28725961538461536
1 0.8461538461538461 0.7872596153846154 0.10216346153846154 0.3137019230769231
1 0.9194711538461539 0.7944711538461539 0.11298076923076923 0.33413461538461536