1 0.171875 0.4543269230769231 0.12259615384615384 0.36778846153846156
1 0.296875 0.4170673076923077 0.09134615384615384 0.27403846153846156
1 0.40865384615384615 0.4014423076923077 0.09134615384615384 0.27403846153846156
1 0.5084134615384616 0.39903846153846156 0.10697115384615384 0.2800480769230769
1 0.6274038461538461 0.36658653846153844 0.125 0.2091346153846154
1 0.7379807692307693 0.38341346153846156 0.10697115384615384 0.2536057692307692
1 0.265625 0.59375 0.15985576923076922 0.38221153846153844
1 0.3870192307692308 0.59375 0.1045673076923077 0.3870192307692308
1 0.5144230769230769 0.59375 0.1045673076923077 0.38221153846153844
1 0.625 0.5949519230769231 0.1045673076923077 0.3894230769230769
1 0.7151442307692307 0.5961538461538461 0.11778846153846154 0.3918269230769231
1 0.8449519230769231 0.5865384615384616 0.1310096153846154 0.3737980769230769