1 0.1502403846153846 0.39663461538461536 0.109375 0.31850961538461536
1 0.24639423076923078 0.390625 0.09975961538461539 0.30528846153846156
1 0.3389423076923077 0.40024038461538464 0.11778846153846154 0.3088942307692308
1 0.4362980769230769 0.4026442307692308 0.1201923076923077 0.3088942307692308
1 0.5228365384615384 0.390625 0.1201923076923077 0.3004807692307692
1 0.6213942307692307 0.39903846153846156 0.10216346153846154 0.3112980769230769
1 0.3629807692307692 0.5853365384615384 0.10096153846153846 0.30288461538461536
1 0.46033653846153844 0.5709134615384616 0.109375 0.28966346153846156
1 0.5528846153846154 0.5769230769230769 0.10216346153846154 0.2956730769230769
1 0.640625 0.5817307692307693 0.0733173076923077 0.28966346153846156
1 0.7307692307692307 0.578125 0.08653846153846154 0.28725961538461536
1 0.8341346153846154 0.5901442307692307 0.109375 0.28966346153846156