0 0.8100961538461539 0.2797427652733119 0.24519230769230768 0.5562700964630225
0 0.5600961538461539 0.2958199356913183 0.2692307692307692 0.5916398713826366
0 0.28125 0.33440514469453375 0.32211538461538464 0.6655948553054662
0 0.0625 0.05787781350482315 0.12259615384615384 0.1157556270096463
0 0.90625 0.7395498392282959 0.14903846153846154 0.3858520900321543
0 0.7980769230769231 0.8456591639871383 0.2548076923076923 0.3022508038585209
0 0.59375 0.9453376205787781 0.2548076923076923 0.10289389067524116
0 0.6201923076923077 0.7138263665594855 0.21875 0.36012861736334406
0 0.4254807692307692 0.8231511254019293 0.24278846153846154 0.3440514469453376
0 0.19230769230769232 0.9228295819935691 0.2932692307692308 0.14790996784565916
0 0.10576923076923077 0.8167202572347267 0.21153846153846154 0.36012861736334406
0 0.05048076923076923 0.5659163987138264 0.0985576923076923 0.18971061093247588