0 0.6466346153846154 0.8297101449275363 0.5 0.3333333333333333
0 0.1971153846153846 0.8514492753623188 0.3942307692307692 0.2898550724637681
0 0.3581730769230769 0.6920289855072463 0.44711538461538464 0.5398550724637681
0 0.7740384615384616 0.6594202898550725 0.41346153846153844 0.5072463768115942
0 0.9471153846153846 0.8152173913043478 0.09615384615384616 0.358695652173913
0 0.06971153846153846 0.6231884057971014 0.13701923076923078 0.2608695652173913
0 0.14903846153846154 0.4746376811594203 0.2980769230769231 0.38768115942028986
0 0.49038461538461536 0.44565217391304346 0.37740384615384615 0.42028985507246375
0 0.8341346153846154 0.39855072463768115 0.32211538461538464 0.36594202898550726
0 0.8942307692307693 0.16666666666666666 0.20192307692307693 0.18840579710144928
0 0.625 0.2427536231884058 0.3125 0.3115942028985507
0 0.27884615384615385 0.2536231884057971 0.33413461538461536 0.30434782608695654
0 0.055288461538461536 0.21739130434782608 0.11057692307692307 0.14492753623188406