0 0.4495192307692308 0.4735576923076923 0.11538461538461539 0.15865384615384615
0 0.25961538461538464 0.5024038461538461 0.14423076923076922 0.09134615384615384
0 0.7283653846153846 0.5528846153846154 0.11057692307692307 0.21875
0 0.3629807692307692 0.5769230769230769 0.09375 0.12980769230769232
0 0.2620192307692308 0.5841346153846154 0.13221153846153846 0.09615384615384616
0 0.24278846153846154 0.7067307692307693 0.06971153846153846 0.14903846153846154
0 0.14423076923076922 0.7067307692307693 0.13942307692307693 0.2620192307692308
0 0.6490384615384616 0.7115384615384616 0.1658653846153846 0.10096153846153846
0 0.37259615384615385 0.7451923076923077 0.10817307692307693 0.1346153846153846
0 0.6370192307692307 0.8365384615384616 0.06971153846153846 0.15384615384615385
0 0.21875 0.8389423076923077 0.16105769230769232 0.15865384615384615
0 0.38461538461538464 0.8533653846153846 0.20673076923076922 0.13701923076923078
0 0.5360576923076923 0.8533653846153846 0.13221153846153846 0.28846153846153844
0 0.25961538461538464 0.9086538461538461 0.15144230769230768 0.18269230769230768
0 0.39663461538461536 0.9326923076923077 0.24519230769230768 0.1346153846153846
0 0.25961538461538464 0.23076923076923078 0.07692307692307693 0.0985576923076923