0 0.6129807692307693 0.46875 0.40865384615384615 0.18990384615384615
0 0.3076923076923077 0.4807692307692308 0.4567307692307692 0.21634615384615385
0 0.8076923076923077 0.5336538461538461 0.38461538461538464 0.18269230769230768
0 0.05048076923076923 0.5456730769230769 0.10096153846153846 0.28846153846153844
0 0.4110576923076923 0.5865384615384616 0.3173076923076923 0.1466346153846154
0 0.6610576923076923 0.6899038461538461 0.4567307692307692 0.15144230769230768
0 0.2644230769230769 0.6971153846153846 0.3870192307692308 0.20673076923076922
0 0.4735576923076923 0.07692307692307693 0.375 0.15144230769230768
0 0.17067307692307693 0.7740384615384616 0.34134615384615385 0.23798076923076922
0 0.8004807692307693 0.8076923076923077 0.24278846153846154 0.13701923076923078
0 0.5817307692307693 0.8197115384615384 0.31009615384615385 0.13221153846153846
0 0.6274038461538461 0.8774038461538461 0.3701923076923077 0.11057692307692307
0 0.27163461538461536 0.8894230769230769 0.46153846153846156 0.15144230769230768
0 0.13942307692307693 0.10336538461538461 0.2764423076923077 0.20432692307692307
0 0.8293269230769231 0.10576923076923077 0.31490384615384615 0.17067307692307693
0 0.3557692307692308 0.25 0.4014423076923077 0.2548076923076923
0 0.6105769230769231 0.28846153846153844 0.36538461538461536 0.21153846153846154
0 0.8533653846153846 0.3004807692307692 0.29086538461538464 0.29086538461538464
0 0.16346153846153846 0.35336538461538464 0.3245192307692308 0.23798076923076922