0 0.13283208020050125 0.19230769230769232 0.17293233082706766 0.3317307692307692
0 0.3107769423558897 0.1778846153846154 0.18045112781954886 0.3125
0 0.5012531328320802 0.17548076923076922 0.19047619047619047 0.30528846153846156
0 0.681704260651629 0.17548076923076922 0.16791979949874686 0.2860576923076923
0 0.8596491228070176 0.17548076923076922 0.16290726817042606 0.2860576923076923
0 0.8671679197994987 0.47596153846153844 0.16791979949874686 0.2956730769230769
0 0.681704260651629 0.4855769230769231 0.17543859649122806 0.32211538461538464
0 0.5037593984962406 0.4831730769230769 0.17543859649122806 0.29086538461538464
0 0.3132832080200501 0.47596153846153844 0.18045112781954886 0.2956730769230769
0 0.13032581453634084 0.49038461538461536 0.17543859649122806 0.28365384615384615
0 0.8771929824561403 0.7860576923076923 0.17543859649122806 0.3125
0 0.6892230576441103 0.8076923076923077 0.18546365914786966 0.3125
0 0.5037593984962406 0.8004807692307693 0.17543859649122806 0.3269230769230769
0 0.3233082706766917 0.7788461538461539 0.17293233082706766 0.3004807692307692
0 0.13784461152882205 0.7980769230769231 0.18546365914786966 0.3076923076923077