6 0.2956730769230769 0.1955128205128205 0.055288461538461536 0.28846153846153844
6 0.35336538461538464 0.1955128205128205 0.06009615384615385 0.3173076923076923
6 0.41346153846153844 0.19230769230769232 0.06009615384615385 0.30448717948717946
6 0.4735576923076923 0.19230769230769232 0.07451923076923077 0.3301282051282051
6 0.5408653846153846 0.16987179487179488 0.08413461538461539 0.33974358974358976
6 0.6298076923076923 0.1794871794871795 0.08653846153846154 0.3557692307692308
6 0.34375 0.7019230769230769 0.0889423076923077 0.5096153846153846
6 0.4230769230769231 0.7275641025641025 0.09615384615384616 0.5032051282051282
6 0.5048076923076923 0.7788461538461539 0.12259615384615384 0.4391025641025641
6 0.5961538461538461 0.7852564102564102 0.11778846153846154 0.42948717948717946
6 0.7091346153846154 0.7916666666666666 0.11057692307692307 0.41346153846153844