6 0.29086538461538464 0.7756410256410257 0.09615384615384616 0.44551282051282054
6 0.38221153846153844 0.7916666666666666 0.0985576923076923 0.4166666666666667
6 0.49278846153846156 0.7916666666666666 0.10576923076923077 0.4166666666666667
6 0.59375 0.7916666666666666 0.11538461538461539 0.4166666666666667
6 0.7379807692307693 0.7948717948717948 0.14903846153846154 0.40705128205128205
6 0.2932692307692308 0.20192307692307693 0.07932692307692307 0.38782051282051283
6 0.3701923076923077 0.1858974358974359 0.10096153846153846 0.3685897435897436
6 0.4543269230769231 0.19230769230769232 0.07211538461538461 0.3814102564102564
6 0.5384615384615384 0.20192307692307693 0.09375 0.3974358974358974
6 0.6274038461538461 0.1955128205128205 0.09134615384615384 0.391025641025641
6 0.7211538461538461 0.19230769230769232 0.12259615384615384 0.3814102564102564