6 0.5336538461538461 0.7278688524590164 0.0673076923076923 0.17704918032786884
6 0.34134615384615385 0.6131147540983607 0.06009615384615385 0.23278688524590163
6 0.19230769230769232 0.6819672131147541 0.125 0.2
6 0.21394230769230768 0.18360655737704917 0.18509615384615385 0.06557377049180328
6 0.8461538461538461 0.25901639344262295 0.1658653846153846 0.12131147540983607
6 0.7836538461538461 0.6754098360655738 0.13221153846153846 0.21311475409836064
6 0.43990384615384615 0.4360655737704918 0.08653846153846154 0.22295081967213115
6 0.5913461538461539 0.19672131147540983 0.16826923076923078 0.08196721311475409
6 0.38221153846153844 0.25573770491803277 0.07932692307692307 0.18032786885245902
6 0.9567307692307693 0.8622950819672132 0.08653846153846154 0.12786885245901639
6 0.8509615384615384 0.4557377049180328 0.057692307692307696 0.17049180327868851
6 0.6754807692307693 0.4360655737704918 0.14903846153846154 0.12459016393442623
6 0.9278846153846154 0.06229508196721312 0.14182692307692307 0.10491803278688525