6 0.9110576923076923 0.7163461538461539 0.15865384615384615 0.5625
6 0.7644230769230769 0.6971153846153846 0.13221153846153846 0.6057692307692307
6 0.6394230769230769 0.6778846153846154 0.11057692307692307 0.5961538461538461
6 0.5360576923076923 0.625 0.0985576923076923 0.5240384615384616
6 0.44471153846153844 0.5721153846153846 0.07932692307692307 0.4519230769230769
6 0.37259615384615385 0.5432692307692307 0.08653846153846154 0.40865384615384615
6 0.30288461538461536 0.5048076923076923 0.07211538461538461 0.36538461538461536
6 0.25 0.4807692307692308 0.06490384615384616 0.3317307692307692
6 0.2091346153846154 0.46153846153846156 0.057692307692307696 0.30288461538461536
6 0.17067307692307693 0.44711538461538464 0.055288461538461536 0.28365384615384615
6 0.14182692307692307 0.4326923076923077 0.04807692307692308 0.27403846153846156