6 0.3125 0.22021660649819494 0.18990384615384615 0.36462093862815886
6 0.47596153846153844 0.33935018050541516 0.1875 0.2563176895306859
6 0.19951923076923078 0.34296028880866425 0.12980769230769232 0.47653429602888087
6 0.07211538461538461 0.3862815884476534 0.13701923076923078 0.4043321299638989
6 0.7475961538461539 0.3971119133574007 0.16826923076923078 0.4043321299638989
6 0.34615384615384615 0.48014440433212996 0.1971153846153846 0.24548736462093862
6 0.8822115384615384 0.7220216606498195 0.15865384615384615 0.2888086642599278
6 0.6201923076923077 0.7581227436823105 0.22596153846153846 0.38267148014440433
6 0.18509615384615385 0.08303249097472924 0.2283653846153846 0.1624548736462094
6 0.4326923076923077 0.8483754512635379 0.14423076923076922 0.24187725631768953
6 0.21875 0.8664259927797834 0.24278846153846154 0.26714801444043323
6 0.5360576923076923 0.9368231046931408 0.2548076923076923 0.1263537906137184