1 0.19110576923076922 0.9579326923076923 0.06971153846153846 0.06490384615384616
1 0.19951923076923078 0.8846153846153846 0.036057692307692304 0.10216346153846154
1 0.3112980769230769 0.8521634615384616 0.09375 0.06490384615384616
1 0.421875 0.8461538461538461 0.10216346153846154 0.07091346153846154
1 0.5384615384615384 0.7415865384615384 0.051682692307692304 0.06490384615384616
1 0.7307692307692307 0.7475961538461539 0.04326923076923077 0.06009615384615385
1 0.7608173076923077 0.6394230769230769 0.04567307692307692 0.05889423076923077
1 0.25240384615384615 0.6081730769230769 0.04326923076923077 0.04807692307692308
1 0.12379807692307693 0.6694711538461539 0.039663461538461536 0.03365384615384615
1 0.20673076923076922 0.7572115384615384 0.02403846153846154 0.039663461538461536
1 0.7259615384615384 0.6899038461538461 0.06370192307692307 0.06490384615384616