1 0.5204326923076923 0.49158653846153844 0.20793269230769232 0.12259615384615384
1 0.6105769230769231 0.7151442307692307 0.23918269230769232 0.24759615384615385
1 0.25600961538461536 0.6442307692307693 0.38822115384615385 0.2608173076923077
1 0.4543269230769231 0.38822115384615385 0.140625 0.10817307692307693
1 0.8617788461538461 0.7091346153846154 0.27524038461538464 0.21875
1 0.3713942307692308 0.8810096153846154 0.19951923076923078 0.23798076923076922
1 0.125 0.8521634615384616 0.25 0.2668269230769231
1 0.27403846153846156 0.4795673076923077 0.12620192307692307 0.16105769230769232
1 0.34375 0.4543269230769231 0.07572115384615384 0.17307692307692307
1 0.6502403846153846 0.5072115384615384 0.1141826923076923 0.10096153846153846
1 0.7115384615384616 0.47716346153846156 0.078125 0.171875
1 0.8846153846153846 0.4519230769230769 0.08774038461538461 0.14903846153846154
1 0.20072115384615385 0.40865384615384615 0.09495192307692307 0.1814903846153846
1 0.32211538461538464 0.32211538461538464 0.04567307692307692 0.12259615384615384
1 0.9098557692307693 0.6081730769230769 0.08653846153846154 0.15745192307692307
1 0.7800480769230769 0.5228365384615384 0.11658653846153846 0.20552884615384615