1 0.4651442307692308 0.7860576923076923 0.11177884615384616 0.06610576923076923
1 0.7692307692307693 0.6370192307692307 0.06971153846153846 0.06850961538461539
1 0.296875 0.8317307692307693 0.10216346153846154 0.051682692307692304
1 0.16466346153846154 0.8581730769230769 0.04567307692307692 0.10336538461538461
1 0.22596153846153846 0.8918269230769231 0.055288461538461536 0.04927884615384615
1 0.24278846153846154 0.921875 0.07932692307692307 0.06610576923076923
1 0.1310096153846154 0.9639423076923077 0.08413461538461539 0.07211538461538461
1 0.18870192307692307 0.7199519230769231 0.02403846153846154 0.046875
1 0.2956730769230769 0.5420673076923077 0.046875 0.04807692307692308
1 0.5973557692307693 0.37259615384615385 0.056490384615384616 0.037259615384615384
1 0.6754807692307693 0.3641826923076923 0.040865384615384616 0.03125
1 0.021634615384615384 0.9783653846153846 0.042067307692307696 0.04326923076923077