1 0.6646634615384616 0.8365384615384616 0.09375 0.10096153846153846
1 0.4026442307692308 0.6778846153846154 0.09014423076923077 0.12860576923076922
1 0.4519230769230769 0.5661057692307693 0.09495192307692307 0.13701923076923078
1 0.47596153846153844 0.7439903846153846 0.06610576923076923 0.12620192307692307
1 0.6358173076923077 0.6069711538461539 0.04567307692307692 0.15985576923076922
1 0.3389423076923077 0.7331730769230769 0.04807692307692308 0.13221153846153846
1 0.5600961538461539 0.6947115384615384 0.08653846153846154 0.11899038461538461
1 0.6694711538461539 0.9471153846153846 0.051682692307692304 0.051682692307692304
1 0.6923076923076923 0.5048076923076923 0.036057692307692304 0.16826923076923078
1 0.7403846153846154 0.5132211538461539 0.030048076923076924 0.14302884615384615
1 0.7331730769230769 0.6574519230769231 0.042067307692307696 0.13822115384615385
1 0.6021634615384616 0.4963942307692308 0.0829326923076923 0.12980769230769232
1 0.46274038461538464 0.45072115384615385 0.09375 0.05889423076923077
1 0.4375 0.8629807692307693 0.09254807692307693 0.052884615384615384
1 0.3485576923076923 0.8269230769230769 0.04807692307692308 0.04927884615384615
1 0.3485576923076923 0.38341346153846156 0.06610576923076923 0.13701923076923078
1 0.5456730769230769 0.40384615384615385 0.055288461538461536 0.11658653846153846
1 0.45072115384615385 0.3701923076923077 0.030048076923076924 0.1045673076923077
1 0.2932692307692308 0.3894230769230769 0.039663461538461536 0.09975961538461539
1 0.2848557692307692 0.46875 0.027644230769230768 0.08653846153846154
1 0.5973557692307693 0.6129807692307693 0.051682692307692304 0.06850961538461539
1 0.5685096153846154 0.9314903846153846 0.026442307692307692 0.04807692307692308
1 0.4951923076923077 0.8858173076923077 0.02403846153846154 0.11177884615384616
1 0.4891826923076923 0.7896634615384616 0.09975961538461539 0.05889423076923077
1 0.5685096153846154 0.8449519230769231 0.02283653846153846 0.07692307692307693
1 0.2800480769230769 0.7055288461538461 0.04807692307692308 0.10216346153846154
1 0.359375 0.48677884615384615 0.03365384615384615 0.10096153846153846