6 0.8918269230769231 0.45901639344262296 0.21634615384615385 0.21967213114754097
6 0.8677884615384616 0.19672131147540983 0.15625 0.13442622950819672
6 0.7283653846153846 0.09508196721311475 0.10576923076923077 0.14754098360655737
6 0.09134615384615384 0.20655737704918034 0.12740384615384615 0.13442622950819672
6 0.22115384615384615 0.3770491803278688 0.11538461538461539 0.20327868852459016
6 0.0625 0.7704918032786885 0.09134615384615384 0.25245901639344265
6 0.5096153846153846 0.5639344262295082 0.13701923076923078 0.20327868852459016
6 0.8221153846153846 0.4557377049180328 0.13221153846153846 0.1180327868852459
6 0.9278846153846154 0.6688524590163935 0.0985576923076923 0.17049180327868851
6 0.16826923076923078 0.7245901639344262 0.1201923076923077 0.17049180327868851
6 0.10576923076923077 0.14754098360655737 0.14903846153846154 0.11147540983606558
6 0.25721153846153844 0.11475409836065574 0.12259615384615384 0.13114754098360656
6 0.38461538461538464 0.11475409836065574 0.19230769230769232 0.14426229508196722